$ANSIBLE_VAULT;1.1;AES256
62666666653034633837326132383132346235646663653930336239386532316166643936383165
6561353033386238663239393133333239323738313763610a656461313561393139623865616139
31616437653762333462353264653264386465396638383463356630326332356134313662303437
3333316437373138650a343036326266376430623565336265376265623535633435373634326232
61663434393963633561656163323861363761663863333538653564613334326261313133303430
62666361326135343430356639366664613065363563663834346333376131643533323936623565
39633734623763363735646135656531356263663462303361636462333131626663613931363432
62353530323362643639366662326432646435366139646166376538343165353463323934313536
38366161633933353531333936666334363262383065623061356464343337326531663131396333
64653966653036656463376235636632386639383262363463363839333731646637383433626538
63323464663165386339613332303161393165363730633662323230316662306637363634653632
62656230343030313238363434323639363031333066613437323865396233396237666133306537
65663536386261393261613036313464633434616364313931353139333238363330306462646136
32333966313535333839643865306566306339386461313361366536346161306235633935636232
34323132366635303537383233643565396565343132363163383564656666383264656262396363
66316431376165663933303532376439316538663962363436336562333534356637613531316130
33666137376466613163336661646362303938343132343766323735656466346234343061383265
66373564623930326239393039376434646666303366333238663464396131626564633938396263
35336664646639306434613731313935376535373761313434313538376563346139303332653038
33633236663965623264656539363639323166663361636136326362613031626261333161386532
63326638613235386162373931396562633064626666643335383330613862366338386334323466
36343235333965646433663738633966653064623438383633643862333932303961346533343838
35333164346332396438333666306630613765633331326537373739613838333837306465393935
39336534313334366234393232383734613236306133346232623039653532353065306432343736
31643935363538363765303339613130356463633830363435373432643135313438613930316536
36316662386232376631313131393262626336396134626435306162353763633938393865313964
62333833366431373630323436623231333833323639383131386363393437643533653861373563
36663364396161646538
